Timestamp: 1552782223411
280
211
498
201
Timestamp: 1552782687622
202
232
386
187
Timestamp: 1552783151249
198
221
699
209
Timestamp: 1552783614956
192
197
457
200
Timestamp: 1552784078793
202
201
478
196
Timestamp: 1552784543957
205
199
321
202
Timestamp: 1552785007979
194
191
307
189
Timestamp: 1552785472108
199
198
307
199
Timestamp: 1552785936751
226
196
449
188
Timestamp: 1552786400785
191
196
338
190
Timestamp: 1552786864124
188
210
431
191
Timestamp: 1552787327222
190
198
393
194
Timestamp: 1552787791345
197
186
643
192
Timestamp: 1552788253956
196
187
399
180
Timestamp: 1552788718110
204
183
334
187
Timestamp: 1552789182198
194
191
355
186
Timestamp: 1552789648144
191
185
408
181
Timestamp: 1552790112651
190
186
331
189
Timestamp: 1552790576355
157
192
373
204
Timestamp: 1552791039723
195
196
355
190
Timestamp: 1552791502510
200
189
501
186
Timestamp: 1552791966640
185
196
325
362
Timestamp: 1552792428164
191
191
656
188
Timestamp: 1552792892660
207
192
299
179
Timestamp: 1552793358130
186
187
334
212
Timestamp: 1552793821677
194
186
369
180
Timestamp: 1552794291371
193
193
340
206
Timestamp: 1552794755795
302
183
442
186
Timestamp: 1552795220668
193
214
413
187
Timestamp: 1552795684041
201
186
315
249
Timestamp: 1552796150174
193
212
307
186
Timestamp: 1552796611736
189
198
367
183
Timestamp: 1552797080496
209
193
319
190
Timestamp: 1552797545348
186
188
315
190
Timestamp: 1552798009683
192
198
377
186
Timestamp: 1552798474800
199
192
382
183
Timestamp: 1552798942103
189
195
691
190
Timestamp: 1552799407742
203
190
353
186
Timestamp: 1552799871827
189
194
320
186
Timestamp: 1552800336866
220
185
319
185
Timestamp: 1552800799184
188
194
359
194
Timestamp: 1552801262970
205
305
312
188
Timestamp: 1552801727133
209
190
301
361
Timestamp: 1552802192116
206
186
411
191
Timestamp: 1552802655570
190
190
303
186
Timestamp: 1552803120418
196
228
347
218
Timestamp: 1552803585341
195
191
303
184
Timestamp: 1552804049357
193
285
413
223
Timestamp: 1552804514856
221
237
337
188
Timestamp: 1552804975475
193
179
316
209
Timestamp: 1552805439479
198
187
310
192
Timestamp: 1552805905253
192
198
346
192
Timestamp: 1552806370965
188
186
346
328
Timestamp: 1552806836357
196
192
312
211
Timestamp: 1552807300890
337
194
308
206
Timestamp: 1552807763948
210
203
460
205
Timestamp: 1552808229681
201
191
370
184
Timestamp: 1552808694179
260
192
304
192
Timestamp: 1552809155040
189
192
313
182
Timestamp: 1552809620839
194
191
327
197
Timestamp: 1552810085430
187
202
298
186
Timestamp: 1552810549793
194
191
333
185
Timestamp: 1552811013508
189
191
329
189
Timestamp: 1552811478787
213
185
588
196
Timestamp: 1552811942922
215
201
513
187
Timestamp: 1552812405744
192
199
343
195
Timestamp: 1552812874603
244
190
332
182
Timestamp: 1552813343467
184
183
309
190
Timestamp: 1552813808864
188
192
443
201
Timestamp: 1552814282214
197
205
316
186
Timestamp: 1552814745872
192
196
305
198
Timestamp: 1552815218848
193
189
304
187
Timestamp: 1552815683640
192
223
373
194
Timestamp: 1552816148471
192
194
374
183
Timestamp: 1552816612571
196
205
371
191
Timestamp: 1552817077673
186
150
322
191
Timestamp: 1552817539148
183
183
307
180
Timestamp: 1552818005148
196
202
310
186
Timestamp: 1552818471510
191
195
373
204
Timestamp: 1552818937386
195
202
459
192
Timestamp: 1552819409935
199
372
436
185
Timestamp: 1552819874870
222
190
304
187
Timestamp: 1552820338684
193
196
404
195
Timestamp: 1552820802993
179
195
319
189
Timestamp: 1552821268028
224
219
369
191
Timestamp: 1552821733327
233
191
510
185
Timestamp: 1552822198609
219
223
367
177
Timestamp: 1552822662438
222
195
316
177
Timestamp: 1552823133284
184
197
372
186
Timestamp: 1552823602341
200
367
312
182
Timestamp: 1552824068543
194
163
317
220
Timestamp: 1552824534123
186
196
317
187
Timestamp: 1552824998241
191
193
543
185
Timestamp: 1552825463967
189
238
411
182
Timestamp: 1552825935424
234
229
457
189
Timestamp: 1552826401438
194
219
317
184
Timestamp: 1552826871868
188
190
480
223
Timestamp: 1552827338026
188
192
388
188
Timestamp: 1552827811547
188
189
378
186
Timestamp: 1552828274541
232
191
306
185
Timestamp: 1552828741605
200
195
410
187
Timestamp: 1552829207358
204
190
401
192
Timestamp: 1552829674017
189
196
307
191
Timestamp: 1552830135569
195
188
312
191
Timestamp: 1552830602705
192
195
399
184
Timestamp: 1552831076682
194
190
464
188
Timestamp: 1552831542326
194
192
343
185
Timestamp: 1552832014801
230
203
459
182
Timestamp: 1552832476273
191
186
364
189
Timestamp: 1552832941552
191
193
404
181
Timestamp: 1552833405532
192
191
318
181
Timestamp: 1552833874126
183
193
404
190
Timestamp: 1552834337375
202
195
359
190
Timestamp: 1552834808355
185
200
315
220
Timestamp: 1552835274441
190
197
407
186
Timestamp: 1552835737168
187
233
441
181
Timestamp: 1552836202649
191
194
354
186
Timestamp: 1552836663583
209
187
344
187
Timestamp: 1552837125147
202
192
385
184
Timestamp: 1552837588928
195
194
316
180
Timestamp: 1552838052061
196
189
356
195
Timestamp: 1552838517040
188
188
339
179
Timestamp: 1552838980100
193
189
310
183
Timestamp: 1552839444090
187
218
319
201
Timestamp: 1552839905100
196
181
330
185
Timestamp: 1552840369689
192
188
328
188
Timestamp: 1552840829674
185
214
327
191
Timestamp: 1552841291396
195
185
333
197
Timestamp: 1552841753995
192
190
306
188
Timestamp: 1552842219821
190
201
511
184
Timestamp: 1552842680217
190
192
310
180
Timestamp: 1552843144739
200
199
327
187
Timestamp: 1552843609245
193
201
310
189
Timestamp: 1552844071220
192
189
411
181
Timestamp: 1552844537561
355
193
512
190
Timestamp: 1552844998579
205
183
326
190
Timestamp: 1552845459500
182
190
337
194
Timestamp: 1552845923110
201
187
344
202
Timestamp: 1552846386642
186
211
342
213
Timestamp: 1552846851347
218
213
306
188
Timestamp: 1552847316072
193
313
402
190
Timestamp: 1552847779860
197
198
495
184
Timestamp: 1552848241234
191
226
333
185
Timestamp: 1552848707086
193
192
413
192
Timestamp: 1552849169595
191
191
318
186
Timestamp: 1552849631551
206
194
394
182
Timestamp: 1552850095751
193
226
616
183
Timestamp: 1552850561861
209
195
322
184
Timestamp: 1552851026318
191
255
456
174
Timestamp: 1552851490082
191
153
304
181
Timestamp: 1552851954720
201
190
586
191
Timestamp: 1552852415899
206
196
390
186
Timestamp: 1552852882631
196
183
481
191
Timestamp: 1552853344157
199
194
314
178
Timestamp: 1552853807719
194
192
425
187
Timestamp: 1552854272935
202
191
315
186
Timestamp: 1552854739417
186
196
312
184
Timestamp: 1552855203788
194
219
310
192
Timestamp: 1552855669179
191
195
317
198
Timestamp: 1552856134906
195
211
428
184
Timestamp: 1552856597538
194
192
299
183
Timestamp: 1552857063911
188
183
406
372
Timestamp: 1552857525893
195
189
334
191
Timestamp: 1552857986841
208
191
338
217
Timestamp: 1552858452760
183
184
314
214
Timestamp: 1552858916512
187
195
316
193
Timestamp: 1552859381451
195
184
384
184
Timestamp: 1552859846196
188
194
319
187
Timestamp: 1552860312572
195
197
313
187
Timestamp: 1552860780338
187
194
394
185
Timestamp: 1552861246976
191
190
308
180
Timestamp: 1552861708933
196
209
304
182
Timestamp: 1552862172735
219
216
495
187
Timestamp: 1552862636413
189
183
310
214
Timestamp: 1552863101366
190
196
398
180
Timestamp: 1552863566058
181
186
490
183
Timestamp: 1552864030553
197
197
308
217
Timestamp: 1552864496345
189
215
405
178
Timestamp: 1552864960028
187
182
401
182
Timestamp: 1552865427239
192
184
340
183
Timestamp: 1552865888721
301
192
306
186
Timestamp: 1552866351779
197
190
525
182
Timestamp: 1552866815231
347
190
305
186
Timestamp: 1552867282921
199
187
406
186
Timestamp: 1552867748997
197
185
377
183
Timestamp: 1552868214585
185
264
303
186
Timestamp: 1552868679972
191
189
309
189
Timestamp: 1552869144205
232
190
348
190
Timestamp: 1552869608990
191
185
387
181