Time: 1567294413000
404
213
404
222
502
Time: 1567298013000
404
252
494
232
535
Time: 1567301613000
491
302
442
213
555
Time: 1567305213000
404
321
492
233
562
Time: 1567308813000
434
271
432
252
511
Time: 1567312413000
340
253
404
278
536
Time: 1567316013000
310
321
599
211
572
Time: 1567319613000
404
318
482
239
515
Time: 1567323213000
404
355
421
252
531
Time: 1567326813000
393
322
414
212
562
Time: 1567330413000
382
312
434
197
513
Time: 1567334013000
382
352
477
194
482
Time: 1567337613000
404
258
452
321
592
Time: 1567341213000
452
271
353
125
582
Time: 1567344813000
442
311
432
182
588
Time: 1567348413000
404
332
409
252
566
Time: 1567352013000
405
232
363
192
523
Time: 1567355613000
432
222
403
252
564
Time: 1567359213000
404
335
411
221
571
Time: 1567362813000
392
225
356
211
444
Time: 1567366413000
404
341
333
252
464
Time: 1567370013000
421
362
500
152
488
Time: 1567373613000
404
311
622
153
463
Time: 1567377213000
404
292
401
172
592
Time: 1567380813000
452
317
432
235
356
Time: 1567384413000
431
356
411
222
462
Time: 1567388013000
404
367
320
211
466
Time: 1567391613000
401
311
353
186
503
Time: 1567395213000
404
311
363
152
513
Time: 1567398813000
404
353
156
211
358
Time: 1567402413000
392
321
332
273
573
Time: 1567406013000
382
411
313
255
537
Time: 1567409613000
395
444
352
211
553
Time: 1567413213000
404
333
311
121
473
Time: 1567416813000
404
315
377
151
463
Time: 1567420413000
432
374
321
211
444
Time: 1567424013000
411
395
691
252
463
Time: 1567427613000
403
313
342
291
631
Time: 1567431213000
404
394
444
173
582
Time: 1567434813000
405
385
411
152
564
Time: 1567438413000
441
332
359
182
578
Time: 1567442013000
445
305
373
192
538
Time: 1567445613000
451
355
464
252
563
Time: 1567449213000
432
321
521
191
392
Time: 1567452813000
404
353
373
211
521
Time: 1567456413000
421
333
421
199
535
Time: 1567460013000
404
351
355
252
555
Time: 1567463613000
414
385
544
201
547
Time: 1567467213000
432
267
337
212
531
Time: 1567470813000
421
279
316
222
474
Time: 1567474413000
404
337
310
255
444